"B" "CD4" "CD8" "cDC" "cMono" "ncMono" "NK" "pDC"
"B" 1 0.550662004351624 0.627458752870057 0.447634237424375 0.526109639514863 0.669024349672151 0.547048482360717 0.766456577659328
"CD4" 0.550662004351624 1 0.796790491151204 0.63097076326032 0.703542446836241 0.741596963676329 0.514556625827482 0.732727057015741
"CD8" 0.627458752870057 0.796790491151204 1 0.696348085492169 0.609077678573443 0.614726930832977 0.702299652878104 0.72201474689713
"cDC" 0.447634237424375 0.63097076326032 0.696348085492169 1 0.62286756258464 0.494923182787965 0.709801953395484 0.506196472661673
"cMono" 0.526109639514863 0.703542446836241 0.609077678573443 0.62286756258464 1 0.849753339707433 0.584736632830729 0.506567970155693
"ncMono" 0.669024349672151 0.741596963676329 0.614726930832977 0.494923182787965 0.849753339707433 1 0.503767385223622 0.633394544715448
"NK" 0.547048482360717 0.514556625827482 0.702299652878104 0.709801953395484 0.584736632830729 0.503767385223622 1 0.551710240440886
"pDC" 0.766456577659328 0.732727057015741 0.72201474689713 0.506196472661673 0.506567970155693 0.633394544715448 0.551710240440886 1
