"B" "CD4" "CD8" "cDC" "cMono" "ncMono" "NK" "pDC"
"B" 1 0.383617659962679 0.460488624789866 0.505073371978385 0.454453549096647 0.533714462255313 0.46114102040898 0.55194015187397
"CD4" 0.383617659962679 1 0.737739928159365 0.673452783308055 0.354388082484367 0.684041694863411 0.382330373306567 0.522489017186298
"CD8" 0.460488624789866 0.737739928159365 1 0.685314762544021 0.389704568662599 0.713401613170261 0.587811797692588 0.585617970027558
"cDC" 0.505073371978385 0.673452783308055 0.685314762544021 1 0.38044307670525 0.567407362197099 0.492049441426514 0.484970760055368
"cMono" 0.454453549096647 0.354388082484367 0.389704568662599 0.38044307670525 1 0.483580817417805 0.4804785576335 0.0842885872730226
"ncMono" 0.533714462255313 0.684041694863411 0.713401613170261 0.567407362197099 0.483580817417805 1 0.536602040897118 0.380772789797439
"NK" 0.46114102040898 0.382330373306567 0.587811797692588 0.492049441426514 0.4804785576335 0.536602040897118 1 0.460730375139632
"pDC" 0.55194015187397 0.522489017186298 0.585617970027558 0.484970760055368 0.0842885872730226 0.380772789797439 0.460730375139632 1
