"Adipose_Subcutaneous" "Adipose_Visceral_Omentum" "Adrenal_Gland" "Artery_Aorta" "Artery_Coronary" "Artery_Tibial" "Brain_Amygdala" "Brain_Anterior_cingulate_cortex_BA24" "Brain_Caudate_basal_ganglia" "Brain_Cerebellar_Hemisphere" "Brain_Cerebellum" "Brain_Cortex" "Brain_Frontal_Cortex_BA9" "Brain_Hippocampus" "Brain_Hypothalamus" "Brain_Nucleus_accumbens_basal_ganglia" "Brain_Putamen_basal_ganglia" "Brain_Spinal_cord_cervical_c-1" "Brain_Substantia_nigra" "Breast_Mammary_Tissue" "Cells_Cultured_fibroblasts" "Cells_EBV-transformed_lymphocytes" "Colon_Sigmoid" "Colon_Transverse" "Esophagus_Gastroesophageal_Junction" "Esophagus_Mucosa" "Esophagus_Muscularis" "Heart_Atrial_Appendage" "Heart_Left_Ventricle" "Kidney_Cortex" "Liver" "Lung" "Minor_Salivary_Gland" "Muscle_Skeletal" "Nerve_Tibial" "Ovary" "Pancreas" "Pituitary" "Prostate" "Skin_Not_Sun_Exposed_Suprapubic" "Skin_Sun_Exposed_Lower_leg" "Small_Intestine_Terminal_Ileum" "Spleen" "Stomach" "Testis" "Thyroid" "Uterus" "Vagina" "Whole_Blood"
"Adipose_Subcutaneous" 1 0.978426900872585 0.952094357883537 0.960002962745162 0.970060151981036 0.966096826481199 0.928424512927071 0.919466936333982 0.921487625076319 0.856074453110033 0.869311976223804 0.908163119954309 0.912050629500027 0.930293022699311 0.911053773431564 0.909126735862375 0.919582298218308 0.915825168768147 0.936633483444825 0.979612676846628 0.926311016528186 0.904599506317452 0.962407913690927 0.957908206393516 0.966795429690866 0.933261121630293 0.963568384571139 0.957077998381108 0.951003529414469 0.956693297465755 0.914937966452916 0.960098402697525 0.95419407300962 0.940408185250759 0.96873735430469 0.955110399695988 0.938007593636521 0.940331260791143 0.957626483647095 0.951491673735882 0.954447731026273 0.955829394962033 0.945345020722744 0.960526118664801 0.828100448090281 0.946728067036458 0.955224141220854 0.96370455049055 0.909734694051883
"Adipose_Visceral_Omentum" 0.978426900872585 1 0.957482091539591 0.963052006221728 0.972016519082628 0.962174670847684 0.930444734028567 0.922360766659485 0.926635139634372 0.858038948673707 0.871173179099674 0.916202532435041 0.916551008066198 0.933847550300348 0.915461633507998 0.917042654071205 0.921224905914793 0.916363872583384 0.937189592274116 0.977187524602498 0.932710981349346 0.916185322554044 0.963544825621338 0.959018783071933 0.968887821227828 0.94153348993228 0.966213960275081 0.964355528760424 0.957673796270322 0.952806650028324 0.924304748694225 0.968621215511973 0.953560246232086 0.94307707872377 0.962050855022127 0.95893474511875 0.938800527178434 0.942649092356116 0.958460791460968 0.951455014374438 0.948707546687583 0.957198759811229 0.949827670816851 0.964878039595142 0.839987750983401 0.94739794795609 0.955232208168211 0.967170274432401 0.922087439201389
"Adrenal_Gland" 0.952094357883537 0.957482091539591 1 0.95463067250054 0.966145202846269 0.945476333077552 0.948710962600477 0.946112764018405 0.945681870098825 0.863746218482373 0.8838123857009 0.934675776354963 0.939700041681452 0.949539122018782 0.927168793715668 0.941957015590884 0.945129095152705 0.94128542754212 0.955577185240367 0.960905638919624 0.929088550695875 0.927971749956134 0.963936745296016 0.955259070492196 0.962681855059818 0.934019231990633 0.95798794251842 0.954684413906895 0.951233271377216 0.963660356558254 0.932385886722144 0.948405231158505 0.963182054221369 0.935271648977728 0.945248272108211 0.962766771922123 0.961932676197594 0.958528962067935 0.966180296477542 0.937443491723379 0.934113259187572 0.958431658439871 0.955555487886225 0.964881712574924 0.855174204527387 0.945908319186364 0.961410270411615 0.962496306643604 0.900651101612595
"Artery_Aorta" 0.960002962745162 0.963052006221728 0.95463067250054 1 0.979519396755643 0.975289001953559 0.941164227191671 0.931144702798617 0.9271031047522 0.879422501684349 0.896470443758013 0.922417314998652 0.922411032497971 0.937853723544893 0.912837739819874 0.921319947430987 0.930266360851894 0.929289519425089 0.938096251486583 0.96197794438191 0.927555335114276 0.915523606884799 0.968586086842097 0.951654351891887 0.970331258251597 0.927026103058399 0.967290621055381 0.960193048426133 0.951931059027717 0.959975659753301 0.909965340112716 0.952000845589927 0.956614571957948 0.925032441473296 0.955790217168633 0.96279918217978 0.937382020569723 0.944969658265794 0.95997730065235 0.939614703966258 0.934492988635583 0.955783306539342 0.940136545068648 0.961200008655743 0.813083367151788 0.943060453318106 0.96531167030866 0.966027137057464 0.89385413625002
"Artery_Coronary" 0.970060151981036 0.972016519082628 0.966145202846269 0.979519396755643 1 0.975753382930476 0.954113860345562 0.949579035990669 0.947623100998532 0.895653293731463 0.916508286772909 0.940037429990947 0.942846895171976 0.952371298571875 0.925028390411541 0.940921571778983 0.947784906499529 0.950516665606189 0.955508598275501 0.970784560389463 0.939300832643642 0.942281667561779 0.976448416752697 0.962624785604645 0.975905460615636 0.949896524161884 0.974831090909161 0.968034408367039 0.963633342001182 0.969642835487169 0.921802968358965 0.961579296886926 0.964198245026108 0.943485619865317 0.966063939025514 0.969437450569332 0.954583043899431 0.955453504761569 0.968309532457396 0.955777815805653 0.952469716659412 0.965766701079223 0.958059033972893 0.968469810766692 0.8530633630805 0.955664491476907 0.972426930274567 0.971639541324737 0.913658271709734
"Artery_Tibial" 0.966096826481199 0.962174670847684 0.945476333077552 0.975289001953559 0.975753382930476 1 0.93275663373716 0.922922699016496 0.922814027854608 0.858906168750555 0.870502928326192 0.912764743844142 0.915381900764292 0.934511068019779 0.907416145708485 0.917563457371716 0.92525803218237 0.921284966319294 0.938296173798645 0.96345788597523 0.918824955216782 0.895043885346571 0.966886417172407 0.951546986040066 0.968170788277884 0.916851121877106 0.967131624750767 0.953984661272986 0.946940366569036 0.952918058659656 0.897793553933467 0.951464881705631 0.949431748327945 0.926989759504585 0.957177767610439 0.956912656175076 0.930554309143327 0.936594458702599 0.954698928239605 0.938653544236928 0.935709678110883 0.950758386055283 0.93138486267954 0.956771166223961 0.802732573278846 0.940730606405717 0.956163456786728 0.957956920557913 0.892006344653203
"Brain_Amygdala" 0.928424512927071 0.930444734028567 0.948710962600477 0.941164227191671 0.954113860345562 0.93275663373716 1 0.982438172729966 0.97890779103899 0.930988378064513 0.92774165434479 0.972959644491369 0.976974350832945 0.978137823120155 0.977938644294201 0.977311313250082 0.97828118627984 0.974691236684574 0.980306522244162 0.937060267174082 0.902384594011666 0.934862442720106 0.947942781343136 0.930734744496534 0.948572202972026 0.915752924360784 0.942030153903577 0.948552420620586 0.944668101384099 0.96698466065737 0.913403870010675 0.92160212259457 0.950888222988741 0.923740128149986 0.934414165640144 0.957132774089761 0.935228344501118 0.955603915095421 0.957789419972512 0.918693679893346 0.917709998657338 0.946138468929586 0.945113134654752 0.944314461389647 0.86688188875555 0.927261257399603 0.962069621041147 0.953014135690623 0.879277935090797
"Brain_Anterior_cingulate_cortex_BA24" 0.919466936333982 0.922360766659485 0.946112764018405 0.931144702798617 0.949579035990669 0.922922699016496 0.982438172729966 1 0.978349558086006 0.935014403294682 0.930443197801475 0.98198489068385 0.984954940417403 0.975233358115664 0.977968220868079 0.979060627635144 0.97844763063484 0.966801714544088 0.974205727273449 0.932276768673099 0.890362194686386 0.930864557907243 0.941052900534721 0.924052234975272 0.941656089787291 0.906521662504579 0.936698024665483 0.941552987792054 0.93872762157197 0.954373611746461 0.914778877818975 0.912580937898921 0.946081624816168 0.917769342884363 0.924174452001136 0.95079811921758 0.925790874368358 0.955592424606669 0.951911600192672 0.905355352138021 0.904436200881497 0.939793047526192 0.936990342011735 0.939631548490834 0.850484380630679 0.927747809604933 0.956563458784806 0.948225472190129 0.876029659160735
"Brain_Caudate_basal_ganglia" 0.921487625076319 0.926635139634372 0.945681870098825 0.9271031047522 0.947623100998532 0.922814027854608 0.97890779103899 0.978349558086006 1 0.928933770180462 0.921334317766538 0.972919253084153 0.973642589153414 0.975901628905911 0.977140695914739 0.982694492882274 0.983294120746061 0.962878783092952 0.971187689021041 0.935437444884972 0.888072418227682 0.907185254901909 0.935281010417872 0.929549939211102 0.94097185680002 0.907104160053145 0.932979031002017 0.940562790723799 0.939232530365604 0.941437637789197 0.915784666268835 0.917765517126295 0.944181750998629 0.916839738029306 0.927265915139827 0.948675649803319 0.924804827519843 0.952707729254089 0.952323138677601 0.911788724668518 0.912502257221858 0.941133705324962 0.933020082984664 0.941099829167145 0.850029393655868 0.923994458558222 0.947805791641882 0.951506921060155 0.876282622266943
"Brain_Cerebellar_Hemisphere" 0.856074453110033 0.858038948673707 0.863746218482373 0.879422501684349 0.895653293731463 0.858906168750555 0.930988378064513 0.935014403294682 0.928933770180462 1 0.983131620625136 0.929900466258601 0.937530898605967 0.941647101150403 0.942695523078714 0.922042234899508 0.926829695302103 0.915993511722264 0.940023163396159 0.869365682519977 0.807371932670065 0.868929327868181 0.893774736204269 0.871110608674328 0.887845476618331 0.849692643312203 0.878357072204515 0.881182561845134 0.875651149955331 0.921369851774951 0.836837240493896 0.851904542969029 0.922918763959768 0.827761358691496 0.882654882863516 0.896975664461274 0.851749265704238 0.920894746783787 0.919228511797314 0.852363866598078 0.850327402902575 0.902059822701151 0.897788575795314 0.880317355392406 0.793567770336142 0.875875286042101 0.908957449235113 0.905085587885822 0.799095522117632
"Brain_Cerebellum" 0.869311976223804 0.871173179099674 0.8838123857009 0.896470443758013 0.916508286772909 0.870502928326192 0.92774165434479 0.930443197801475 0.921334317766538 0.983131620625136 1 0.932935829539543 0.929324635201872 0.932275500442959 0.936017161581202 0.918611159635213 0.922182341984308 0.934788761543155 0.938461928027831 0.883726193883445 0.81726446227674 0.888034240376595 0.90557950176661 0.884767321681747 0.901971104730024 0.855268464589198 0.891084587109094 0.899035898166759 0.887345410474812 0.924577599218802 0.857251284121565 0.85760025643264 0.924091896852538 0.839605550838689 0.894818110657112 0.924454584614032 0.870613437401811 0.929993303013996 0.927932992825292 0.867955214422018 0.859020149595154 0.913047432246012 0.899153091381032 0.898297396477443 0.794640175283889 0.882069416534689 0.933884601234811 0.926977052756841 0.789894501658409
"Brain_Cortex" 0.908163119954309 0.916202532435041 0.934675776354963 0.922417314998652 0.940037429990947 0.912764743844142 0.972959644491369 0.98198489068385 0.972919253084153 0.929900466258601 0.932935829539543 1 0.98441293151245 0.967244992785561 0.96616082621151 0.974192393210379 0.972419415961779 0.956940698421756 0.966110157745281 0.924629814472894 0.879995329024037 0.903416359865856 0.929249682132335 0.913726932473314 0.932069567774957 0.894464211627203 0.926475484284246 0.932832395170139 0.927359893086364 0.945571299575031 0.907704636038943 0.904007569792767 0.93653195004114 0.90217097143047 0.918004101293017 0.941383748300645 0.911112975845892 0.953345774127978 0.944234682199763 0.896867042199261 0.8967245451847 0.930914264041601 0.926149262633334 0.927418877303252 0.839714719013739 0.914418660871816 0.946456922610476 0.940091985745018 0.856391083356819
"Brain_Frontal_Cortex_BA9" 0.912050629500027 0.916551008066198 0.939700041681452 0.922411032497971 0.942846895171976 0.915381900764292 0.976974350832945 0.984954940417403 0.973642589153414 0.937530898605967 0.929324635201872 0.98441293151245 1 0.972077531982144 0.977753259371846 0.974906250029075 0.972271467524362 0.958343425630105 0.967334683023338 0.926389009921037 0.884753366596383 0.915739218905265 0.934725126713382 0.920710172134607 0.934732970394085 0.903574410206665 0.929112408134996 0.93564216072643 0.93470734108271 0.941690189197357 0.916992995448749 0.910345974602326 0.940906858914517 0.910860428428632 0.915106115474245 0.943986725319173 0.911837112513479 0.953051773636579 0.943869697482335 0.904949824370969 0.900821377509392 0.935049711895134 0.927560976683112 0.93043090637375 0.846051452057542 0.916570669312108 0.951091207860798 0.946315898297222 0.868047210473995
"Brain_Hippocampus" 0.930293022699311 0.933847550300348 0.949539122018782 0.937853723544893 0.952371298571875 0.934511068019779 0.978137823120155 0.975233358115664 0.975901628905911 0.941647101150403 0.932275500442959 0.967244992785561 0.972077531982144 1 0.978307045979124 0.973066050418362 0.972926073728057 0.963964675391382 0.974704465780501 0.939869979558858 0.897468238770228 0.922256142474157 0.946945077580417 0.937836216702175 0.944992956249859 0.915760803680533 0.940012974433726 0.948562960623378 0.948907944593415 0.937133637624065 0.918226218335886 0.934308053585691 0.944839949260267 0.928249339912265 0.933313867294311 0.950389869734608 0.930106755488429 0.957512424542925 0.953455503716665 0.922262969222503 0.922641460781074 0.946045764278929 0.939524942743718 0.945460251395034 0.854809338641342 0.933689897925501 0.949511437484117 0.950961551794607 0.902473276399284
"Brain_Hypothalamus" 0.911053773431564 0.915461633507998 0.927168793715668 0.912837739819874 0.925028390411541 0.907416145708485 0.977938644294201 0.977968220868079 0.977140695914739 0.942695523078714 0.936017161581202 0.96616082621151 0.977753259371846 0.978307045979124 1 0.97695133877098 0.97315758019088 0.9512829675149 0.975674890629391 0.921132409873034 0.884196680006276 0.899059698265443 0.925962370402226 0.910864262456739 0.925098769750877 0.900907437025762 0.92151895944438 0.922068518661382 0.921430884477886 0.95493523679881 0.876045508413003 0.904784162876234 0.947720949824626 0.897444346465324 0.9206801608305 0.918873964526195 0.900288116515784 0.947214161560397 0.940470943465933 0.894658620589349 0.896379335806448 0.921538288500505 0.92503251738068 0.918991699148292 0.845850588902937 0.922451487449339 0.926196704115743 0.922815133342279 0.853684020149781
"Brain_Nucleus_accumbens_basal_ganglia" 0.909126735862375 0.917042654071205 0.941957015590884 0.921319947430987 0.940921571778983 0.917563457371716 0.977311313250082 0.979060627635144 0.982694492882274 0.922042234899508 0.918611159635213 0.974192393210379 0.974906250029075 0.973066050418362 0.97695133877098 1 0.980398971731227 0.958062800334384 0.966610261189813 0.927098967544546 0.88477485774373 0.901310957446056 0.932457927636068 0.921845486730092 0.931796085050186 0.900843334888202 0.925222450972632 0.936160375100705 0.937690996014575 0.936359715589084 0.905000281538668 0.910085704847574 0.937715766401066 0.909539393898255 0.920148133759109 0.943596862255812 0.916252167873145 0.951312961431558 0.948926036352016 0.904258879189717 0.906541921872778 0.934137675926841 0.926406343159862 0.931478856308459 0.850502945218894 0.922952090865071 0.946081953193702 0.945801731969556 0.861699374419573
"Brain_Putamen_basal_ganglia" 0.919582298218308 0.921224905914793 0.945129095152705 0.930266360851894 0.947784906499529 0.92525803218237 0.97828118627984 0.97844763063484 0.983294120746061 0.926829695302103 0.922182341984308 0.972419415961779 0.972271467524362 0.972926073728057 0.97315758019088 0.980398971731227 1 0.967547680277443 0.975973425790808 0.929842096408454 0.885713033831116 0.92384631476367 0.941783457623671 0.928454604578941 0.939540285083086 0.911283924889002 0.932372226920624 0.94307482250775 0.940622663172829 0.94407540895778 0.919181862346636 0.912199445803046 0.941368647967391 0.916278335623857 0.924142209008715 0.950983594248264 0.923773023816494 0.95210294529299 0.951446525675193 0.912744634207514 0.912086542273987 0.93992763820869 0.937291943557647 0.937824575088395 0.857890078827147 0.926147850464924 0.957819114502449 0.953796725589216 0.873431402426171
"Brain_Spinal_cord_cervical_c-1" 0.915825168768147 0.916363872583384 0.94128542754212 0.929289519425089 0.950516665606189 0.921284966319294 0.974691236684574 0.966801714544088 0.962878783092952 0.915993511722264 0.934788761543155 0.956940698421756 0.958343425630105 0.963964675391382 0.9512829675149 0.958062800334384 0.967547680277443 1 0.98034028111958 0.9272886542051 0.881221913186846 0.942530834547594 0.926782082914004 0.91425723486871 0.932187552870593 0.904902529834093 0.924299264214584 0.931095871318299 0.925259057851138 0.946047830637051 0.897599751705957 0.913750202452924 0.94849535210094 0.899929897040688 0.927119778267221 0.953616478509927 0.92315690131885 0.947045391219412 0.941778385746773 0.906690014328354 0.905591153209362 0.929268388269505 0.937721733346439 0.936420945361843 0.844571704070877 0.918678543157649 0.953074421256952 0.9464525546797 0.859440247208781
"Brain_Substantia_nigra" 0.936633483444825 0.937189592274116 0.955577185240367 0.938096251486583 0.955508598275501 0.938296173798645 0.980306522244162 0.974205727273449 0.971187689021041 0.940023163396159 0.938461928027831 0.966110157745281 0.967334683023338 0.974704465780501 0.975674890629391 0.966610261189813 0.975973425790808 0.98034028111958 1 0.943274264522236 0.909873666259842 0.94978423842875 0.950425069451684 0.933203446928685 0.952229870081179 0.921235072055042 0.945212592335794 0.946489406683218 0.939575376576114 0.96826381997108 0.912330779597052 0.926388549667781 0.953428175621693 0.925688190490428 0.938405922106513 0.954717904749754 0.938568465951017 0.957266248615787 0.955038878762799 0.923049350237798 0.919740759608394 0.945018975774182 0.948744970600506 0.945132126385152 0.853117921581611 0.933465534192197 0.960758675966722 0.955705318990192 0.889077185015517
"Breast_Mammary_Tissue" 0.979612676846628 0.977187524602498 0.960905638919624 0.96197794438191 0.970784560389463 0.96345788597523 0.937060267174082 0.932276768673099 0.935437444884972 0.869365682519977 0.883726193883445 0.924629814472894 0.926389009921037 0.939869979558858 0.921132409873034 0.927098967544546 0.929842096408454 0.9272886542051 0.943274264522236 1 0.930043919155631 0.921392868172674 0.968446226710085 0.963340527843478 0.967766918955519 0.945300797570369 0.965986051807728 0.96276209264101 0.958922528651492 0.956485353021549 0.930783535277095 0.964962120472255 0.957968252323822 0.944810654537248 0.966279828214702 0.958564680858985 0.948133673154562 0.951389718737415 0.964848789886057 0.959612473680926 0.958197249752873 0.958182331831563 0.949146583128183 0.968013628320541 0.853298815254779 0.955730763537424 0.960134747088815 0.967989823216585 0.916117263042281
"Cells_Cultured_fibroblasts" 0.926311016528186 0.932710981349346 0.929088550695875 0.927555335114276 0.939300832643642 0.918824955216782 0.902384594011666 0.890362194686386 0.888072418227682 0.807371932670065 0.81726446227674 0.879995329024037 0.884753366596383 0.897468238770228 0.884196680006276 0.88477485774373 0.885713033831116 0.881221913186846 0.909873666259842 0.930043919155631 1 0.914694401248267 0.929568940752496 0.923767556509802 0.924136596195086 0.912783714423111 0.919420541899921 0.924576695241228 0.919596869580851 0.93859411696774 0.879167552153279 0.920418821649086 0.934750868705504 0.892435640899859 0.907973341177442 0.92875491300796 0.907840259473695 0.90555035645367 0.927474217477279 0.909175783086597 0.906176929990929 0.927440847365688 0.91682009403092 0.93364328906589 0.783763287587181 0.898561392118351 0.934290093994169 0.941954092688444 0.860840072093803
"Cells_EBV-transformed_lymphocytes" 0.904599506317452 0.916185322554044 0.927971749956134 0.915523606884799 0.942281667561779 0.895043885346571 0.934862442720106 0.930864557907243 0.907185254901909 0.868929327868181 0.888034240376595 0.903416359865856 0.915739218905265 0.922256142474157 0.899059698265443 0.901310957446056 0.92384631476367 0.942530834547594 0.94978423842875 0.921392868172674 0.914694401248267 1 0.916726251891363 0.918382817786271 0.919842446029546 0.923690816673995 0.906353809677848 0.920798038540971 0.910158405342169 0.947430345050804 0.9180116106257 0.909458944115201 0.951201561096981 0.889160144823955 0.901606310163119 0.933820838871878 0.930435671347664 0.919073839148567 0.936543629327114 0.898814393624426 0.893247805429841 0.946044700925493 0.950707104036372 0.932353811825506 0.846953761172964 0.89952623115997 0.952099399625708 0.956512141824154 0.875459425177309
"Colon_Sigmoid" 0.962407913690927 0.963544825621338 0.963936745296016 0.968586086842097 0.976448416752697 0.966886417172407 0.947942781343136 0.941052900534721 0.935281010417872 0.893774736204269 0.90557950176661 0.929249682132335 0.934725126713382 0.946945077580417 0.925962370402226 0.932457927636068 0.941783457623671 0.926782082914004 0.950425069451684 0.968446226710085 0.929568940752496 0.916726251891363 1 0.969157623117076 0.981772788346426 0.92823367429706 0.978797372600465 0.967540372723592 0.961710869963819 0.961999268833377 0.926426888310429 0.94910989175965 0.957498881678248 0.943017397825728 0.960932982480849 0.967784822131421 0.947782780249556 0.954140550762467 0.968826978766827 0.942401443862534 0.937954382138399 0.967444001895813 0.947128402758403 0.970524647123796 0.831195658983648 0.952194058097885 0.970371626622202 0.967802341831911 0.916987712170009
"Colon_Transverse" 0.957908206393516 0.959018783071933 0.955259070492196 0.951654351891887 0.962624785604645 0.951546986040066 0.930734744496534 0.924052234975272 0.929549939211102 0.871110608674328 0.884767321681747 0.913726932473314 0.920710172134607 0.937836216702175 0.910864262456739 0.921845486730092 0.928454604578941 0.91425723486871 0.933203446928685 0.963340527843478 0.923767556509802 0.918382817786271 0.969157623117076 1 0.961689131497135 0.941236362151668 0.959442761850064 0.951525770679997 0.948747347206121 0.955093017007727 0.932983821960419 0.951936939253293 0.954623005263875 0.931360499137235 0.948930010075243 0.95456016657453 0.948575084876057 0.943448666470954 0.962550085652103 0.949912802519507 0.944998484317391 0.973579615089056 0.949932628844752 0.973863203713772 0.82915970850931 0.948612122099712 0.955424947210006 0.96341326761896 0.920361838741485
"Esophagus_Gastroesophageal_Junction" 0.966795429690866 0.968887821227828 0.962681855059818 0.970331258251597 0.975905460615636 0.968170788277884 0.948572202972026 0.941656089787291 0.94097185680002 0.887845476618331 0.901971104730024 0.932069567774957 0.934732970394085 0.944992956249859 0.925098769750877 0.931796085050186 0.939540285083086 0.932187552870593 0.952229870081179 0.967766918955519 0.924136596195086 0.919842446029546 0.981772788346426 0.961689131497135 1 0.941342524994099 0.986906697121694 0.968286622091212 0.963751979104415 0.962861031557981 0.923571989231023 0.958828346239887 0.957308725960343 0.939578454045853 0.963769284098997 0.965373335736533 0.947358031789143 0.952933662856421 0.969167508540303 0.948886045687433 0.947953198359744 0.961942563766669 0.955750749244865 0.967013994411353 0.859551586536449 0.951218229047553 0.971587144471815 0.969746985744066 0.90624577064191
"Esophagus_Mucosa" 0.933261121630293 0.94153348993228 0.934019231990633 0.927026103058399 0.949896524161884 0.916851121877106 0.915752924360784 0.906521662504579 0.907104160053145 0.849692643312203 0.855268464589198 0.894464211627203 0.903574410206665 0.915760803680533 0.900907437025762 0.900843334888202 0.911283924889002 0.904902529834093 0.921235072055042 0.945300797570369 0.912783714423111 0.923690816673995 0.92823367429706 0.941236362151668 0.941342524994099 1 0.932202077916336 0.93508542542493 0.919532095222809 0.940334875471374 0.920694005033153 0.938352069747746 0.956486743535178 0.904382054333864 0.92844977455268 0.939890529226507 0.931216324132148 0.924337150851164 0.943950740024366 0.948069083402601 0.946706639437296 0.950802927229242 0.939973839804526 0.951128562769751 0.827263935435568 0.920231728206151 0.938852645770681 0.967423176111762 0.880020009507877
"Esophagus_Muscularis" 0.963568384571139 0.966213960275081 0.95798794251842 0.967290621055381 0.974831090909161 0.967131624750767 0.942030153903577 0.936698024665483 0.932979031002017 0.878357072204515 0.891084587109094 0.926475484284246 0.929112408134996 0.940012974433726 0.92151895944438 0.925222450972632 0.932372226920624 0.924299264214584 0.945212592335794 0.965986051807728 0.919420541899921 0.906353809677848 0.978797372600465 0.959442761850064 0.986906697121694 0.932202077916336 1 0.964603672732289 0.960670420326014 0.960944906562738 0.916123162584095 0.9531600964344 0.955047679929395 0.937273647394905 0.96054833611153 0.962383851403273 0.938827548438103 0.948624733614279 0.966146183130107 0.939214025640182 0.937651916846604 0.957452266042259 0.945984573041309 0.963455936092064 0.829604515093384 0.946841057937977 0.967448433733985 0.965616955909345 0.894927623713188
"Heart_Atrial_Appendage" 0.957077998381108 0.964355528760424 0.954684413906895 0.960193048426133 0.968034408367039 0.953984661272986 0.948552420620586 0.941552987792054 0.940562790723799 0.881182561845134 0.899035898166759 0.932832395170139 0.93564216072643 0.948562960623378 0.922068518661382 0.936160375100705 0.94307482250775 0.931095871318299 0.946489406683218 0.96276209264101 0.924576695241228 0.920798038540971 0.967540372723592 0.951525770679997 0.968286622091212 0.93508542542493 0.964603672732289 1 0.977691180289837 0.958283981454091 0.919577290327323 0.954815719665734 0.951682513532239 0.948832675064672 0.952281115915771 0.960235821565402 0.938816349486876 0.951203263277901 0.96086977093962 0.942549915639348 0.93948397161977 0.951832253589789 0.942236667876624 0.959684694888308 0.850644195333861 0.94617638943104 0.961374072175657 0.963704280430862 0.899362534912531
"Heart_Left_Ventricle" 0.951003529414469 0.957673796270322 0.951233271377216 0.951931059027717 0.963633342001182 0.946940366569036 0.944668101384099 0.93872762157197 0.939232530365604 0.875651149955331 0.887345410474812 0.927359893086364 0.93470734108271 0.948907944593415 0.921430884477886 0.937690996014575 0.940622663172829 0.925259057851138 0.939575376576114 0.958922528651492 0.919596869580851 0.910158405342169 0.961710869963819 0.948747347206121 0.963751979104415 0.919532095222809 0.960670420326014 0.977691180289837 1 0.949188878220209 0.914557346792157 0.943916837539897 0.941779814887824 0.95344053977282 0.943408606290679 0.951651335255545 0.938328225874783 0.944982530597453 0.953797875950659 0.930435097405888 0.925376018353397 0.94969576926673 0.932036148676329 0.956471334821227 0.82297240836072 0.938103181129191 0.955659842862447 0.95892090579066 0.909907575144642
"Kidney_Cortex" 0.956693297465755 0.952806650028324 0.963660356558254 0.959975659753301 0.969642835487169 0.952918058659656 0.96698466065737 0.954373611746461 0.941437637789197 0.921369851774951 0.924577599218802 0.945571299575031 0.941690189197357 0.937133637624065 0.95493523679881 0.936359715589084 0.94407540895778 0.946047830637051 0.96826381997108 0.956485353021549 0.93859411696774 0.947430345050804 0.961999268833377 0.955093017007727 0.962861031557981 0.940334875471374 0.960944906562738 0.958283981454091 0.949188878220209 1 0.912242997690548 0.947034503181081 0.958138661355183 0.935376683549596 0.957080276666135 0.967571613495669 0.956036991000603 0.955924494169302 0.966748368742205 0.946831919630236 0.944638343747487 0.956132381416003 0.962337096899907 0.955889487534351 0.855857059492228 0.950243652841673 0.970850861657349 0.965620229784349 0.908562868018217
"Liver" 0.914937966452916 0.924304748694225 0.932385886722144 0.909965340112716 0.921802968358965 0.897793553933467 0.913403870010675 0.914778877818975 0.915784666268835 0.836837240493896 0.857251284121565 0.907704636038943 0.916992995448749 0.918226218335886 0.876045508413003 0.905000281538668 0.919181862346636 0.897599751705957 0.912330779597052 0.930783535277095 0.879167552153279 0.9180116106257 0.926426888310429 0.932983821960419 0.923571989231023 0.920694005033153 0.916123162584095 0.919577290327323 0.914557346792157 0.912242997690548 1 0.909893802851988 0.924700194863971 0.909306624101569 0.907097758607602 0.919529832111323 0.927924556624976 0.922435063494022 0.933559475812813 0.906338973829166 0.902242392589254 0.938851399475436 0.922760051353881 0.933797081209777 0.813398601558433 0.910699945990461 0.923069467510828 0.940305007013523 0.902663119998212
"Lung" 0.960098402697525 0.968621215511973 0.948405231158505 0.952000845589927 0.961579296886926 0.951464881705631 0.92160212259457 0.912580937898921 0.917765517126295 0.851904542969029 0.85760025643264 0.904007569792767 0.910345974602326 0.934308053585691 0.904784162876234 0.910085704847574 0.912199445803046 0.913750202452924 0.926388549667781 0.964962120472255 0.920418821649086 0.909458944115201 0.94910989175965 0.951936939253293 0.958828346239887 0.938352069747746 0.9531600964344 0.954815719665734 0.943916837539897 0.947034503181081 0.909893802851988 1 0.950211964236885 0.92922537899221 0.950490407761546 0.948114785095765 0.937277830698369 0.93918864562702 0.949525960172728 0.948640939152914 0.945975647884927 0.951435443662791 0.945980412455638 0.96264737970028 0.827910236674044 0.942447473486387 0.93777837463418 0.960482522972344 0.930024045060377
"Minor_Salivary_Gland" 0.95419407300962 0.953560246232086 0.963182054221369 0.956614571957948 0.964198245026108 0.949431748327945 0.950888222988741 0.946081624816168 0.944181750998629 0.922918763959768 0.924091896852538 0.93653195004114 0.940906858914517 0.944839949260267 0.947720949824626 0.937715766401066 0.941368647967391 0.94849535210094 0.953428175621693 0.957968252323822 0.934750868705504 0.951201561096981 0.957498881678248 0.954623005263875 0.957308725960343 0.956486743535178 0.955047679929395 0.951682513532239 0.941779814887824 0.958138661355183 0.924700194863971 0.950211964236885 1 0.939612639654114 0.953771135837447 0.957382759360042 0.959025295769414 0.954409243053339 0.965882548817181 0.951317279821989 0.949065760241059 0.960940594585574 0.959555275672851 0.965116495217172 0.877230170204933 0.954649007196468 0.968303637645692 0.968373342510667 0.906866797057245
"Muscle_Skeletal" 0.940408185250759 0.94307707872377 0.935271648977728 0.925032441473296 0.943485619865317 0.926989759504585 0.923740128149986 0.917769342884363 0.916839738029306 0.827761358691496 0.839605550838689 0.90217097143047 0.910860428428632 0.928249339912265 0.897444346465324 0.909539393898255 0.916278335623857 0.899929897040688 0.925688190490428 0.944810654537248 0.892435640899859 0.889160144823955 0.943017397825728 0.931360499137235 0.939578454045853 0.904382054333864 0.937273647394905 0.948832675064672 0.95344053977282 0.935376683549596 0.909306624101569 0.92922537899221 0.939612639654114 1 0.924043753731698 0.933023378071055 0.912420523055505 0.920226092042664 0.935376833739945 0.915069489374574 0.915622731224304 0.930412202519027 0.908288210834363 0.937959129142193 0.791878421297572 0.903991618733258 0.939964427313975 0.945310881126554 0.876825280128216
"Nerve_Tibial" 0.96873735430469 0.962050855022127 0.945248272108211 0.955790217168633 0.966063939025514 0.957177767610439 0.934414165640144 0.924174452001136 0.927265915139827 0.882654882863516 0.894818110657112 0.918004101293017 0.915106115474245 0.933313867294311 0.9206801608305 0.920148133759109 0.924142209008715 0.927119778267221 0.938405922106513 0.966279828214702 0.907973341177442 0.901606310163119 0.960932982480849 0.948930010075243 0.963769284098997 0.92844977455268 0.96054833611153 0.952281115915771 0.943408606290679 0.957080276666135 0.907097758607602 0.950490407761546 0.953771135837447 0.924043753731698 1 0.962712204839642 0.932465336816592 0.941123456315915 0.96222003033804 0.942430985749886 0.94236309142886 0.952211205541588 0.944189547724645 0.95548639253886 0.835013287720841 0.942872283244661 0.964159890159455 0.964908673829628 0.882578003901669
"Ovary" 0.955110399695988 0.95893474511875 0.962766771922123 0.96279918217978 0.969437450569332 0.956912656175076 0.957132774089761 0.95079811921758 0.948675649803319 0.896975664461274 0.924454584614032 0.941383748300645 0.943986725319173 0.950389869734608 0.918873964526195 0.943596862255812 0.950983594248264 0.953616478509927 0.954717904749754 0.958564680858985 0.92875491300796 0.933820838871878 0.967784822131421 0.95456016657453 0.965373335736533 0.939890529226507 0.962383851403273 0.960235821565402 0.951651335255545 0.967571613495669 0.919529832111323 0.948114785095765 0.957382759360042 0.933023378071055 0.962712204839642 1 0.951439408607207 0.958363938358545 0.967250531126198 0.950920544268717 0.947460388755098 0.96214696575549 0.957377526386245 0.958611012807492 0.870492339663468 0.953633214467782 0.980422314411285 0.971897392468371 0.908154827586679
"Pancreas" 0.938007593636521 0.938800527178434 0.961932676197594 0.937382020569723 0.954583043899431 0.930554309143327 0.935228344501118 0.925790874368358 0.924804827519843 0.851749265704238 0.870613437401811 0.911112975845892 0.911837112513479 0.930106755488429 0.900288116515784 0.916252167873145 0.923773023816494 0.92315690131885 0.938568465951017 0.948133673154562 0.907840259473695 0.930435671347664 0.947782780249556 0.948575084876057 0.947358031789143 0.931216324132148 0.938827548438103 0.938816349486876 0.938328225874783 0.956036991000603 0.927924556624976 0.937277830698369 0.959025295769414 0.912420523055505 0.932465336816592 0.951439408607207 1 0.946113335382274 0.961046108353034 0.935742330741772 0.929724901420572 0.956783961454571 0.954470704376591 0.963960677670342 0.835888602288786 0.940748238470287 0.955712045916102 0.955846712183538 0.88603843561417
"Pituitary" 0.940331260791143 0.942649092356116 0.958528962067935 0.944969658265794 0.955453504761569 0.936594458702599 0.955603915095421 0.955592424606669 0.952707729254089 0.920894746783787 0.929993303013996 0.953345774127978 0.953051773636579 0.957512424542925 0.947214161560397 0.951312961431558 0.95210294529299 0.947045391219412 0.957266248615787 0.951389718737415 0.90555035645367 0.919073839148567 0.954140550762467 0.943448666470954 0.952933662856421 0.924337150851164 0.948624733614279 0.951203263277901 0.944982530597453 0.955924494169302 0.922435063494022 0.93918864562702 0.954409243053339 0.920226092042664 0.941123456315915 0.958363938358545 0.946113335382274 1 0.967536242721926 0.931351940860941 0.927361415610045 0.949797532752639 0.946974498922694 0.953647773004781 0.863162902538231 0.958593441732523 0.955192685468192 0.95267513119605 0.891417229662902
"Prostate" 0.957626483647095 0.958460791460968 0.966180296477542 0.95997730065235 0.968309532457396 0.954698928239605 0.957789419972512 0.951911600192672 0.952323138677601 0.919228511797314 0.927932992825292 0.944234682199763 0.943869697482335 0.953455503716665 0.940470943465933 0.948926036352016 0.951446525675193 0.941778385746773 0.955038878762799 0.964848789886057 0.927474217477279 0.936543629327114 0.968826978766827 0.962550085652103 0.969167508540303 0.943950740024366 0.966146183130107 0.96086977093962 0.953797875950659 0.966748368742205 0.933559475812813 0.949525960172728 0.965882548817181 0.935376833739945 0.96222003033804 0.967250531126198 0.961046108353034 0.967536242721926 1 0.952645884286086 0.946218225688018 0.967305479466292 0.959719806203331 0.967871530719224 0.863852363609703 0.964367011397567 0.970382240390677 0.969837319907587 0.918624060014061
"Skin_Not_Sun_Exposed_Suprapubic" 0.951491673735882 0.951455014374438 0.937443491723379 0.939614703966258 0.955777815805653 0.938653544236928 0.918693679893346 0.905355352138021 0.911788724668518 0.852363866598078 0.867955214422018 0.896867042199261 0.904949824370969 0.922262969222503 0.894658620589349 0.904258879189717 0.912744634207514 0.906690014328354 0.923049350237798 0.959612473680926 0.909175783086597 0.898814393624426 0.942401443862534 0.949912802519507 0.948886045687433 0.948069083402601 0.939214025640182 0.942549915639348 0.930435097405888 0.946831919630236 0.906338973829166 0.948640939152914 0.951317279821989 0.915069489374574 0.942430985749886 0.950920544268717 0.935742330741772 0.931351940860941 0.952645884286086 1 0.98595500997665 0.953455665699031 0.938011956408049 0.952736893749331 0.811612650037459 0.92770113011945 0.947473158069705 0.965067396739805 0.892861231915817
"Skin_Sun_Exposed_Lower_leg" 0.954447731026273 0.948707546687583 0.934113259187572 0.934492988635583 0.952469716659412 0.935709678110883 0.917709998657338 0.904436200881497 0.912502257221858 0.850327402902575 0.859020149595154 0.8967245451847 0.900821377509392 0.922641460781074 0.896379335806448 0.906541921872778 0.912086542273987 0.905591153209362 0.919740759608394 0.958197249752873 0.906176929990929 0.893247805429841 0.937954382138399 0.944998484317391 0.947953198359744 0.946706639437296 0.937651916846604 0.93948397161977 0.925376018353397 0.944638343747487 0.902242392589254 0.945975647884927 0.949065760241059 0.915622731224304 0.94236309142886 0.947460388755098 0.929724901420572 0.927361415610045 0.946218225688018 0.98595500997665 1 0.948694321875839 0.934188382820233 0.949195540705353 0.810125165576921 0.921898733579946 0.941210483454377 0.964511006146195 0.893146818046821
"Small_Intestine_Terminal_Ileum" 0.955829394962033 0.957198759811229 0.958431658439871 0.955783306539342 0.965766701079223 0.950758386055283 0.946138468929586 0.939793047526192 0.941133705324962 0.902059822701151 0.913047432246012 0.930914264041601 0.935049711895134 0.946045764278929 0.921538288500505 0.934137675926841 0.93992763820869 0.929268388269505 0.945018975774182 0.958182331831563 0.927440847365688 0.946044700925493 0.967444001895813 0.973579615089056 0.961942563766669 0.950802927229242 0.957452266042259 0.951832253589789 0.94969576926673 0.956132381416003 0.938851399475436 0.951435443662791 0.960940594585574 0.930412202519027 0.952211205541588 0.96214696575549 0.956783961454571 0.949797532752639 0.967305479466292 0.953455665699031 0.948694321875839 1 0.967360488973545 0.969625772851745 0.859706958320461 0.947541492216775 0.964668299714872 0.969352706119218 0.931825079277606
"Spleen" 0.945345020722744 0.949827670816851 0.955555487886225 0.940136545068648 0.958059033972893 0.93138486267954 0.945113134654752 0.936990342011735 0.933020082984664 0.897788575795314 0.899153091381032 0.926149262633334 0.927560976683112 0.939524942743718 0.92503251738068 0.926406343159862 0.937291943557647 0.937721733346439 0.948744970600506 0.949146583128183 0.91682009403092 0.950707104036372 0.947128402758403 0.949932628844752 0.955750749244865 0.939973839804526 0.945984573041309 0.942236667876624 0.932036148676329 0.962337096899907 0.922760051353881 0.945980412455638 0.959555275672851 0.908288210834363 0.944189547724645 0.957377526386245 0.954470704376591 0.946974498922694 0.959719806203331 0.938011956408049 0.934188382820233 0.967360488973545 1 0.95935380107415 0.852586427972218 0.935581816130428 0.956755474467597 0.967100211699294 0.929909620776513
"Stomach" 0.960526118664801 0.964878039595142 0.964881712574924 0.961200008655743 0.968469810766692 0.956771166223961 0.944314461389647 0.939631548490834 0.941099829167145 0.880317355392406 0.898297396477443 0.927418877303252 0.93043090637375 0.945460251395034 0.918991699148292 0.931478856308459 0.937824575088395 0.936420945361843 0.945132126385152 0.968013628320541 0.93364328906589 0.932353811825506 0.970524647123796 0.973863203713772 0.967013994411353 0.951128562769751 0.963455936092064 0.959684694888308 0.956471334821227 0.955889487534351 0.933797081209777 0.96264737970028 0.965116495217172 0.937959129142193 0.95548639253886 0.958611012807492 0.963960677670342 0.953647773004781 0.967871530719224 0.952736893749331 0.949195540705353 0.969625772851745 0.95935380107415 1 0.863898980203609 0.952166238921519 0.961479626822335 0.968168984956043 0.918138775518391
