"Adipose_Subcutaneous" "Adipose_Visceral_Omentum" "Adrenal_Gland" "Artery_Aorta" "Artery_Coronary" "Artery_Tibial" "Brain_Amygdala" "Brain_Anterior_cingulate_cortex_BA24" "Brain_Caudate_basal_ganglia" "Brain_Cerebellar_Hemisphere" "Brain_Cerebellum" "Brain_Cortex" "Brain_Frontal_Cortex_BA9" "Brain_Hippocampus" "Brain_Hypothalamus" "Brain_Nucleus_accumbens_basal_ganglia" "Brain_Putamen_basal_ganglia" "Brain_Spinal_cord_cervical_c-1" "Brain_Substantia_nigra" "Breast_Mammary_Tissue" "Cells_Cultured_fibroblasts" "Cells_EBV-transformed_lymphocytes" "Colon_Sigmoid" "Colon_Transverse" "Esophagus_Gastroesophageal_Junction" "Esophagus_Mucosa" "Esophagus_Muscularis" "Heart_Atrial_Appendage" "Heart_Left_Ventricle" "Kidney_Cortex" "Liver" "Lung" "Minor_Salivary_Gland" "Muscle_Skeletal" "Nerve_Tibial" "Ovary" "Pancreas" "Pituitary" "Prostate" "Skin_Not_Sun_Exposed_Suprapubic" "Skin_Sun_Exposed_Lower_leg" "Small_Intestine_Terminal_Ileum" "Spleen" "Stomach" "Testis" "Thyroid" "Uterus" "Vagina" "Whole_Blood" "AverageTissue"
"Adipose_Subcutaneous" 1 0.275824709844869 -0.0158882121533258 0.0311992463817629 0.0203035980493559 0.133039386095039 -0.0936927025375317 -0.107570831524709 -0.132907083027488 -0.0926480128573557 -0.0845928321706131 -0.116562866552575 -0.139960777507604 -0.136028432274396 -0.118222847009745 -0.164595086895759 -0.118526196428428 -0.0603508618820555 -0.0734383849319589 0.220295800096828 0.00847294975105922 -0.052779037694633 0.00671882307747825 -0.0743473698887807 0.020258654182035 -0.107112225784324 0.0542857182659126 -0.00125715511260222 -0.054665838217978 -0.0262092698086164 -0.0402603562468382 0.0331395700154274 -0.0883729065204061 0.00836097170282179 0.18604821509467 -0.0179945083069203 -0.0365332926865617 -0.0268357149983239 -0.041147079620479 -0.0147037374061349 0.0385828784676036 -0.0630873596956588 -0.00523322138288497 -0.0780901671516724 -0.0940265833009695 0.00373108397902945 -0.0450017183378065 -0.0708741199038247 -0.046500620303866 0.130296612643709
"Adipose_Visceral_Omentum" 0.275824709844869 1 -0.00301732791960448 -0.0164764737792895 0.038998193957046 -0.00881105613260876 -0.0633470878633517 -0.106085450774417 -0.117985741134489 -0.0769658833760369 -0.0893671589585466 -0.133501925860092 -0.126685979322116 -0.0807774304916531 -0.0262381245255852 -0.127426059809044 -0.0911763735705102 -0.0721156115416142 -0.0476343995040212 0.220014785076921 0.0122818941826509 0.01119661938649 -0.0213657222974876 -0.00794279424331394 0.00371334968987754 -0.021456618823698 -0.00584355862098667 0.0214539819480456 -0.00883076786301814 0.0110947095661095 0.0075511888912292 0.115782113920299 -0.0180817997217784 -0.012506838016714 0.0492459275797766 0.0155291544651961 -0.0360256136186139 -0.0653373395302112 -0.0477031668259233 -0.0501573885995553 -0.0530887501276693 0.000150780818503519 0.0452861372650068 -0.0272180030708421 -0.0254697778785203 -0.0165618165207972 -0.0288115992700012 0.0437749196379162 0.0196893417275971 0.00545761500199753
"Adrenal_Gland" -0.0158882121533258 -0.00301732791960448 1 -0.0169382534352127 -0.0532848002422681 -0.0439901970573696 0.062874410811246 0.0568727134437524 0.0450083131523847 -0.0446606918030792 -0.0384703456867001 0.0424109008100105 0.0437490973797526 0.0202630941132451 0.0386655611806176 0.0365486974903357 0.0128322442842628 0.0270324804124088 0.0359369550407641 -0.019342575919785 0.00750517506559216 -0.0197341589125884 0.0210364851540014 -0.0252446711270357 -0.00984396460412001 -0.0332250609556981 0.00601628808111529 0.0172169298316629 -0.00141955933285907 0.0193341803722105 0.0452694402409596 0.0309476308546031 0.00463367570800269 0.0183833677336352 -0.011446040721213 0.0021504140718875 0.0257483011449132 0.0785431003168812 -0.00786368458536447 -0.0317866071198914 -0.0445228562272658 -0.0332197514815581 0.00802929390659603 0.0363576113380166 -0.0060972775721065 0.0114113645851194 -0.0325746314992547 -0.0592587226962888 -0.0436759558688465 -0.0106918572005758
"Artery_Aorta" 0.0311992463817629 -0.0164764737792895 -0.0169382534352127 1 0.200086985107946 0.37660310791105 -0.0290048750564545 -0.0227902541916771 -0.0456929816098773 -0.0114744861692956 0.00387387680420129 -0.0440457944419427 -0.025644932600872 -0.0715953791499108 -0.0619683223063851 -0.06408135462566 -0.0529299599636781 -0.0252779603282003 -0.0416541589888436 -0.0181719906363685 0.0231620216334881 -0.0472698024595486 0.0910229123848246 -0.0652121709804333 0.106143183936875 -0.08877119862236 0.119855641985149 0.0420759330566696 -0.0288875379153138 -0.0406742840271216 -0.0819719314408655 -0.00096350283595971 -0.018258608946067 -0.0575136981160207 0.0464796869594947 0.0303722437948412 -0.0571118635072433 0.0163047911574714 0.0181518216851376 -0.0652162167414066 -0.0566842569425086 -0.0675854766500038 -0.0672078431006784 -0.0447309495838989 -0.0715721598539088 0.00513027435027883 0.0846490148324244 -0.111044454565149 -0.0758235888911499 0.0719842749670399
"Artery_Coronary" 0.0203035980493559 0.038998193957046 -0.0532848002422681 0.200086985107946 1 0.178211107655914 -0.0352662577689818 -0.0490116983265351 -0.0287352028573888 -0.0144757914864772 -0.0136663066733652 -0.0436156265665759 -0.052844095153719 -0.0448690516378957 -0.0451778597675231 -0.0414303496407592 -0.0347577271306621 -0.0215977769759233 -0.0380388186232487 0.0368389110376083 0.00863426012989505 -0.00481188736459938 0.0124234714371189 -0.00635121796498962 0.047290262034143 -0.0406329413060627 0.0311192174645221 0.0397117823976745 -0.00510499554187002 -0.00302362956826793 -0.0173880695161926 0.0185965092523143 -0.0150423086925256 -0.020941716617063 0.0115081227923016 0.0452630579629111 -0.0438149912689861 -0.026870770898695 -0.00815014416654498 -0.0342447506462146 -0.037139904856846 0.00476937889183696 -0.039219214736209 -0.032828622843775 -0.0224373913027771 -0.0256820309215449 0.0641605982009303 -0.00275440155240189 -0.00622045381567271 0.00726284814013854
"Artery_Tibial" 0.133039386095039 -0.00881105613260876 -0.0439901970573696 0.37660310791105 0.178211107655914 1 -0.0678216712227647 -0.0662632166650042 -0.0756432219652472 -0.0513710146099976 -0.0418123830384609 -0.0743475239712065 -0.0652278948381592 -0.0924802056553998 -0.0998903311416297 -0.0965896038359106 -0.0833006095683079 -0.0371875680461159 -0.070316233970413 -0.00991334146794302 -0.00114585834193577 -0.0770208656237058 0.118231156949634 -0.0610886101800469 0.125193302172082 -0.13701690086451 0.167354098146091 0.0321000833995206 -0.0394315219454161 -0.0426632632460832 -0.0758024947822236 -0.0222834162174343 -0.0762590681665121 -0.0163407202914487 0.0961016134641024 0.022689034383641 -0.056950399392153 -0.0144582283676236 -0.0130462586389614 -0.0700791123505151 -0.0414503441154525 -0.0692166536811836 -0.0817334274417297 -0.0555685521782125 -0.100939542567452 -0.0166702658029754 0.0284526788551217 -0.108125040369026 -0.0825344284663199 0.0918401109013305
"Brain_Amygdala" -0.0936927025375317 -0.0633470878633517 0.062874410811246 -0.0290048750564545 -0.0352662577689818 -0.0678216712227647 1 0.408399100340672 0.353698068713678 0.0387334903562703 0.0298883319088205 0.266246663622642 0.303550889627943 0.345432839318956 0.288942334836295 0.309147384443778 0.339339709786092 0.130068603299497 0.319068518993774 -0.0310090803372739 -0.0172826718670298 -0.00508984268947382 -0.0618794565148306 -0.0123752331697599 -0.0240215598037015 -0.0136003807357723 -0.0640327142007828 0.00204399026364953 0.0366056258309203 0.0137296495554748 -0.0387760360588455 -0.00963372938918388 0.0803688063973599 0.00393745841607343 -0.0380086825475141 -0.0476797377589423 -0.0262291671646205 0.000384624026996523 -0.0219689967334389 -0.0635369579314648 -0.0595309195873843 0.00646479637352908 0.0156308128488334 -0.00992730142148533 0.0107755589967368 -0.0245194867625641 -0.0471353052829032 -0.00683478073690981 -0.0236261069784157 -0.0384984888176031
"Brain_Anterior_cingulate_cortex_BA24" -0.107570831524709 -0.106085450774417 0.0568727134437524 -0.0227902541916771 -0.0490116983265351 -0.0662632166650042 0.408399100340672 1 0.308509558795905 0.0602179945295404 0.0395981007551004 0.393826798473021 0.451785866724649 0.28535838886798 0.281889616978633 0.319446994685275 0.307005034283461 0.0718171279549771 0.206900244793842 -0.0626673942217561 -0.0185077707693468 0.00312024139190586 -0.0426501630634801 -0.0198456560672395 -0.00371920902026249 -0.0307325932342217 -0.0341962391320412 -0.00241590136853805 0.037053023839292 0.00928977628196625 -0.0301183039347961 -0.0338313911907789 0.064016926770968 0.000747594686858047 -0.0702661959817609 -0.0457759932413448 -0.0394900173033826 0.010325844440483 -0.0232114797303651 -0.0848212090334467 -0.067718689851522 -0.00776961736972554 -0.0193918549116146 0.00793469687079824 0.0147172684855557 -0.0415481132770334 -0.037773029357841 -0.0136555745614 -0.0167276413622595 -0.035456899402138
"Brain_Caudate_basal_ganglia" -0.132907083027488 -0.117985741134489 0.0450083131523847 -0.0456929816098773 -0.0287352028573888 -0.0756432219652472 0.353698068713678 0.308509558795905 1 0.0273765088381954 0.0198798772909541 0.270501290935258 0.258436992332195 0.325730141212979 0.233131353740322 0.506196897174556 0.508993604710161 0.173798858531246 0.20420906631668 -0.0544618591654309 -0.0363585035155903 -0.022220322279112 -0.0375501114846322 0.00256372704352688 -0.0223960280181499 -0.0268635165795998 -0.0717009078884428 -0.0231543022837751 0.038306825360271 0.0186849917505696 -0.0175830256422046 -0.0331525641598181 0.0469629606783777 0.00778602040634587 -0.0760195867158615 0.000191004708633079 -0.00585129555497766 -0.0208660198106496 -0.00403727475983583 -0.0587615547225564 -0.0521542418216218 -0.0035568840683969 -0.0159181956557692 -0.0110856802803399 0.0389214275706046 -0.0312159728560512 -0.021448176524916 -0.00455988626344502 -0.0262113293892104 -0.0558471941283643
"Brain_Cerebellar_Hemisphere" -0.0926480128573557 -0.0769658833760369 -0.0446606918030792 -0.0114744861692956 -0.0144757914864772 -0.0513710146099976 0.0387334903562703 0.0602179945295404 0.0273765088381954 1 0.617680864604087 0.105050989234985 0.130425236679398 0.0560879306748597 0.122076483009326 0.0953547131070487 0.0352552406945186 0.006312419416739 0.0500579778867222 -0.0475133472168281 -0.0547196556997809 0.0353158024306103 -0.0134334982591778 0.0083403793652459 0.0154426875572828 -0.0481707350711758 -0.0138537984993228 -0.0300175220490377 0.0160451676528982 -0.00937298788327008 -0.0498475875816182 -0.0917658440579295 0.0548844878027237 -0.0387726973168168 -0.023126952091643 0.00521002969380732 -0.0058886666711707 0.0269011797796873 0.016869903081124 -0.0532889569191747 -0.0644105669219163 0.0348997262269899 0.0224326589156697 -0.0237122959344982 0.0194194478706788 -0.00278249875187281 0.0244015792324897 -0.00832846407204886 -0.0179938350700934 -0.00701271468965753
"Brain_Cerebellum" -0.0845928321706131 -0.0893671589585466 -0.0384703456867001 0.00387387680420129 -0.0136663066733652 -0.0418123830384609 0.0298883319088205 0.0395981007551004 0.0198798772909541 0.617680864604087 1 0.110643114413913 0.0880394406420731 0.0341632490472985 0.0857932893783341 0.0695788685640611 0.0275130994014972 0.0199517621527345 0.0404160480845875 -0.0551276555530634 -0.0643806931157054 0.0179403122667972 -0.00599428242291097 -0.00943770691976886 0.0238180427757836 -0.0358734660382851 -0.00341473134852171 -0.0246410217184731 0.00351692780431378 -0.0223252949389956 -0.069209007680947 -0.0886854364505266 0.0469308543586203 -0.0493714724886866 0.00852973313554074 0.0134239607552769 0.0140583309451102 0.0423303910288639 0.010864449673123 -0.050353339074227 -0.0582914188064993 0.0128156024640713 0.0116438134813978 -0.0322434590103241 0.00801609367985356 0.0220753654026613 0.0549868937806292 -0.0119231791629811 -0.0542107404611979 0.0402960363005192
"Brain_Cortex" -0.116562866552575 -0.133501925860092 0.0424109008100105 -0.0440457944419427 -0.0436156265665759 -0.0743475239712065 0.266246663622642 0.393826798473021 0.270501290935258 0.105050989234985 0.110643114413913 1 0.514499300772292 0.21523774697176 0.20728321815118 0.324234487678272 0.25817834027341 0.0519581151111553 0.125023720887591 -0.0574271750288243 -0.0440162376846355 -0.0172502616056988 -0.0343109409728003 -0.0073380234268858 -0.00704345873638421 -0.0359044080500172 -0.0297010184499538 -0.0404810523787097 0.017142072147158 0.000362182763886918 0.0066316943555277 -0.0706036481291657 0.00197269146995495 -0.00200182947179873 -0.0634620949472152 -0.027826342811856 -0.023496072658715 0.0162098373120584 -0.0331525308969208 -0.0685716225330046 -0.0670847195477033 0.0120225243988023 -0.0353360744737512 -0.0138304338810733 0.0210852594915142 -0.0377863253713524 -0.0444700430653109 0.0386008864070063 -0.036026343131982 -0.0149654461042524
"Brain_Frontal_Cortex_BA9" -0.139960777507604 -0.126685979322116 0.0437490973797526 -0.025644932600872 -0.052844095153719 -0.0652278948381592 0.303550889627943 0.451785866724649 0.258436992332195 0.130425236679398 0.0880394406420731 0.514499300772292 1 0.281103126626657 0.304996841279774 0.330769303395833 0.296666879507251 0.0482046888333113 0.194801202943179 -0.0535595304400929 -0.0227941183259247 0.0218021679463439 -0.031005762492653 0.0294630223186116 0.00219162053158937 -0.0152100981801576 -0.0402000941549417 -0.0310241014257857 0.0389099447244297 0.00690070513744155 0.014064651430051 -0.0682501442225574 0.0508667868149584 -0.00651308352278264 -0.0972041119076317 -0.0419003722716395 -0.049737707420974 -0.0102586561317397 0.0148123502039807 -0.0831972257168462 -0.085077842939346 0.0384359497967729 -0.0432353583986377 0.0218500226312586 0.0243704253389671 -0.0532452947741901 0.0332757800455922 0.000175223531068843 -0.00854722636839075 -0.067820058111189
"Brain_Hippocampus" -0.136028432274396 -0.0807774304916531 0.0202630941132451 -0.0715953791499108 -0.0448690516378957 -0.0924802056553998 0.345432839318956 0.28535838886798 0.325730141212979 0.0560879306748597 0.0341632490472985 0.21523774697176 0.281103126626657 1 0.322342853146636 0.297957359898563 0.342453116028349 0.233073917075152 0.331088525417637 -0.074241557617389 -0.0353993386006505 -0.00265431056220776 -0.0716019196132486 0.019264968496681 -0.0297434217514906 0.0188802675817621 -0.0951856326416069 0.0025073236177116 0.0519248523225376 0.0318624767782012 -0.0352468823681847 -0.0294123730564323 0.0661741306032667 0.0131672700556219 -0.0900018787413431 -0.0361592230967696 -0.0456381284629374 -0.0278897396073475 -0.0219411390443366 -0.0589059253440478 -0.0603865136735407 0.0540581082080155 -0.00636048386519119 0.0212162832356263 0.0524821384061756 -0.0452827266956117 -0.0386435041716568 0.0181443857405167 0.0189263535008959 -0.0968176012347026
"Brain_Hypothalamus" -0.118222847009745 -0.0262381245255852 0.0386655611806176 -0.0619683223063851 -0.0451778597675231 -0.0998903311416297 0.288942334836295 0.281889616978633 0.233131353740322 0.122076483009326 0.0857932893783341 0.20728321815118 0.304996841279774 0.322342853146636 1 0.30155635480798 0.266037308497529 0.136147310567803 0.297545357222771 -0.0180834015953134 -0.0328748789700984 0.0563949451434558 -0.0618569627560332 0.0245231282568587 -0.0174800340881408 0.0115189797605909 -0.0640733819913733 2.72284585866542e-05 0.0385904593489554 0.0132449010956557 0.00852985820557584 -0.0417225855541789 0.0663129171463782 0.0194806220007421 -0.083132602960597 -0.0241262929253322 -0.0182397668466851 0.0429777273591653 -0.0267383552584528 -0.1185387662342 -0.110584401461262 0.0558019790294464 -0.0100508620070728 0.0677417737252151 0.0542241219617202 -0.020213148789202 -0.0301086139623108 0.0544934125073357 0.00374841828857381 -0.064871075070249
"Brain_Nucleus_accumbens_basal_ganglia" -0.164595086895759 -0.127426059809044 0.0365486974903357 -0.06408135462566 -0.0414303496407592 -0.0965896038359106 0.309147384443778 0.319446994685275 0.506196897174556 0.0953547131070487 0.0695788685640611 0.324234487678272 0.330769303395833 0.297957359898563 0.30155635480798 1 0.445426426976525 0.129821465490653 0.190473733000863 -0.0613341239409683 -0.0268405829780926 0.00496720432428716 -0.0579838729318528 0.0256859153138385 -0.0257206258084647 -0.00412564513161542 -0.0860831277235324 -0.0360887110096703 0.030089638612002 -0.00279885820310634 -0.000884764532472428 -0.0445927761773631 0.0511427528098202 0.0121534648855588 -0.106170978393882 0.0027725862736682 -0.0236049465318468 -0.0244725729976408 -0.0147254733010035 -0.0824435354025658 -0.0834739171288545 0.0428042255888941 -0.0127443877598621 -0.00799112317695418 0.0447651317765406 -0.0496084991196099 -0.0320725754159044 0.0415903027444987 -0.00860315435659996 -0.069590029376763
"Brain_Putamen_basal_ganglia" -0.118526196428428 -0.0911763735705102 0.0128322442842628 -0.0529299599636781 -0.0347577271306621 -0.0833006095683079 0.339339709786092 0.307005034283461 0.508993604710161 0.0352552406945186 0.0275130994014972 0.25817834027341 0.296666879507251 0.342453116028349 0.266037308497529 0.445426426976525 1 0.169445671668444 0.25263399595053 -0.0522691151710952 -0.0418943508934053 0.0180944828612424 -0.0646829562424623 0.0323571674421751 -0.0240117706633646 -0.00242524406822903 -0.0903543706533396 -0.0234618315614871 0.0411209900286792 0.0138218376679118 -0.00228151551331336 -0.0488490167174824 0.0537395067111554 0.016926352992567 -0.0768554801631682 -0.00941602109341132 -0.0252442126721122 -0.0470497542402654 -0.0142319420954712 -0.0774841734904869 -0.0641985331301516 0.0502409487286005 -0.0237896384193433 0.00928107391464885 0.0532758280119096 -0.0357842615885799 -0.0421763435259063 0.0640640493649462 -0.00376479791349074 -0.0687381380557271
"Brain_Spinal_cord_cervical_c-1" -0.0603508618820555 -0.0721156115416142 0.0270324804124088 -0.0252779603282003 -0.0215977769759233 -0.0371875680461159 0.130068603299497 0.0718171279549771 0.173798858531246 0.006312419416739 0.0199517621527345 0.0519581151111553 0.0482046888333113 0.233073917075152 0.136147310567803 0.129821465490653 0.169445671668444 1 0.209396942510764 -0.0556542109909691 -0.0358040375430878 0.00929080917177498 -0.00122121258469909 -0.00948162099202034 -0.00834921452862229 -0.0106099865850806 -0.0287163920167298 -0.00804856670025677 0.0161630352502947 -0.00114336338224786 0.00641028902420314 -0.013346688535907 -0.00694991951026788 0.0188901422849653 -0.00303824327397515 -0.0323396650800674 -0.00519058398975466 -0.000880876749864879 -0.032266826638226 -0.0476872952148647 -0.0323882452037874 0.00869484812988248 -0.00558767253743458 0.00227238204969053 0.0014196808791284 -0.0128777574858034 -0.0224335383778234 -0.0188611131575858 -0.0136226923484378 -0.0169282569592933
"Brain_Substantia_nigra" -0.0734383849319589 -0.0476343995040212 0.0359369550407641 -0.0416541589888436 -0.0380388186232487 -0.070316233970413 0.319068518993774 0.206900244793842 0.20420906631668 0.0500579778867222 0.0404160480845875 0.125023720887591 0.194801202943179 0.331088525417637 0.297545357222771 0.190473733000863 0.25263399595053 0.209396942510764 1 -0.013024551349409 -0.0183335563319886 0.00734783050185286 -0.0764915700308692 -0.00848807408779496 -0.0283786979189262 0.0106578180289882 -0.0567581671207265 -0.0036220917589748 0.0255862076609041 0.0059254409321965 -0.023406440476963 -0.0417743290006402 0.0925923440959942 -0.00362727243283438 -0.0325271584354852 -0.0413319563815579 0.00242426223445469 0.0139634101018478 -0.0341681850598216 -0.0650880570305271 -0.0629194691423297 0.00268903099622765 0.019129814148621 -0.000281089717957653 0.00577562285893887 -0.0278738362629822 -0.0579780575954333 -0.0151951235268953 -0.00566891984495443 -0.0438975132231321
"Breast_Mammary_Tissue" 0.220295800096828 0.220014785076921 -0.019342575919785 -0.0181719906363685 0.0368389110376083 -0.00991334146794302 -0.0310090803372739 -0.0626673942217561 -0.0544618591654309 -0.0475133472168281 -0.0551276555530634 -0.0574271750288243 -0.0535595304400929 -0.074241557617389 -0.0180834015953134 -0.0613341239409683 -0.0522691151710952 -0.0556542109909691 -0.013024551349409 1 -0.023942875106372 -0.0338563481913044 -0.00098230326677004 0.0425137716717608 -0.0104454390002299 -0.0444889295730918 -0.00180071692114156 -0.0134306936940382 -0.0162345778442488 0.0216937722700593 0.0138469235458192 0.0229397528514245 0.0338507494499238 -0.0117560251753912 0.0455791566430305 0.0251806976961234 -0.00396385381315307 -0.0191128045698423 0.0478877859630826 0.00562406974212435 0.0161246007393002 0.0073867257027721 -0.0210570141023934 0.00967195733967284 -0.000213735744221605 -0.010836546267674 0.00528830983025351 0.0100559334836257 -0.00618925461219449 -0.0189653745154501
"Cells_Cultured_fibroblasts" 0.00847294975105922 0.0122818941826509 0.00750517506559216 0.0231620216334881 0.00863426012989505 -0.00114585834193577 -0.0172826718670298 -0.0185077707693468 -0.0363585035155903 -0.0547196556997809 -0.0643806931157054 -0.0440162376846355 -0.0227941183259247 -0.0353993386006505 -0.0328748789700984 -0.0268405829780926 -0.0418943508934053 -0.0358040375430878 -0.0183335563319886 -0.023942875106372 1 0.0759492236780695 -0.00451981108194009 -0.00768335442179819 -0.0543376267592812 0.0375090990459321 -0.0376266278592291 -0.010631565624667 -0.0240789041579195 0.000130323961975158 -0.00483740838237353 -0.00855252601556553 -0.00480401709018177 -0.00280002729133322 -0.0509231146808915 -0.0352625915380857 -0.0287814481976434 -0.0373611967811866 -0.0285286243130815 -0.0192718776555303 -0.0227274902820014 -0.0350177689558789 -0.0413376475008382 -0.008807652138739 -0.00851778239250833 -0.0635177114180766 0.0236727473553629 -0.0396815125786742 0.014399578137322 -0.017110953046226
"Cells_EBV-transformed_lymphocytes" -0.052779037694633 0.01119661938649 -0.0197341589125884 -0.0472698024595486 -0.00481188736459938 -0.0770208656237058 -0.00508984268947382 0.00312024139190586 -0.022220322279112 0.0353158024306103 0.0179403122667972 -0.0172502616056988 0.0218021679463439 -0.00265431056220776 0.0563949451434558 0.00496720432428716 0.0180944828612424 0.00929080917177498 0.00734783050185286 -0.0338563481913044 0.0759492236780695 1 -0.0440303942758971 0.0397201189188694 -0.0666477590136323 0.0600257881482345 -0.0811515645768551 -0.0293837716035434 -0.000744081042126613 -0.00561859310547302 0.0198937709773672 -0.0249249991791388 -0.0155211638788817 -0.00436070406080843 -0.0795753765920873 0.00134209761249296 -0.0239630901058321 -0.0550778075577275 -0.0210209428068374 -0.0240254852827785 -0.0301136755396444 0.0846666682074576 0.0667685827327553 0.0310988261146824 0.0866342795910643 -0.045301470819921 -0.00290731928367607 0.0716976812901751 0.0710729341617064 -0.0310799761224088
"Colon_Sigmoid" 0.00671882307747825 -0.0213657222974876 0.0210364851540014 0.0910229123848246 0.0124234714371189 0.118231156949634 -0.0618794565148306 -0.0426501630634801 -0.0375501114846322 -0.0134334982591778 -0.00599428242291097 -0.0343109409728003 -0.031005762492653 -0.0716019196132486 -0.0618569627560332 -0.0579838729318528 -0.0646829562424623 -0.00122121258469909 -0.0764915700308692 -0.00098230326677004 -0.00451981108194009 -0.0440303942758971 1 0.113488803598517 0.257827281987465 -0.0819892945550071 0.30915108557613 0.0340101385913563 0.00864294994096057 -0.0252909279512099 -0.0420121772737554 -0.036952602070567 -0.0814344974048988 -0.0319080819686778 0.0250826113469038 0.0428123843470629 -0.0492249492828658 0.00567703598122446 0.0654620287899825 -0.0579321838704392 -0.0562775063833086 0.00374676049454142 -0.0384773611075249 -0.00688993926829012 -0.0396018905175058 -0.00350431929429976 0.14725878366857 -0.108609686049108 -0.0376012966178388 0.0224479235763244
"Colon_Transverse" -0.0743473698887807 -0.00794279424331394 -0.0252446711270357 -0.0652121709804333 -0.00635121796498962 -0.0610886101800469 -0.0123752331697599 -0.0198456560672395 0.00256372704352688 0.0083403793652459 -0.00943770691976886 -0.0073380234268858 0.0294630223186116 0.019264968496681 0.0245231282568587 0.0256859153138385 0.0323571674421751 -0.00948162099202034 -0.00848807408779496 0.0425137716717608 -0.00768335442179819 0.0397201189188694 0.113488803598517 1 0.00619145400297121 0.0326503422257602 -0.00344272061946246 -0.0386742283768928 0.000826489309496021 0.0570058595072445 0.0568312970494629 0.0068392102138376 0.0265872115584554 -0.0396829854073551 -0.0920159763144141 0.0070577475506615 0.00173221591329873 -0.0340349716012842 0.0976971820233008 -0.0148878262444432 -0.0282107460520458 0.261425929194472 -0.00765004070476446 0.13955667603655 0.00879470795010643 -0.0144537728477183 0.0876636895491885 0.0483638235374239 0.0441473281328456 -0.0918206624124739
"Esophagus_Gastroesophageal_Junction" 0.020258654182035 0.00371334968987754 -0.00984396460412001 0.106143183936875 0.047290262034143 0.125193302172082 -0.0240215598037015 -0.00371920902026249 -0.0223960280181499 0.0154426875572828 0.0238180427757836 -0.00704345873638421 0.00219162053158937 -0.0297434217514906 -0.0174800340881408 -0.0257206258084647 -0.0240117706633646 -0.00834921452862229 -0.0283786979189262 -0.0104454390002299 -0.0543376267592812 -0.0666477590136323 0.257827281987465 0.00619145400297121 1 -0.0804063307214571 0.460736329007252 0.0570960049371026 0.0215237857085117 -0.0230875982052267 -0.0581959156747598 -0.0219538754082955 -0.0304926183896046 -0.0427926982299806 0.0428827185047155 0.0423676349498493 -0.0619006000551617 -0.0108241631792402 0.00535823358846344 -0.0726149774576929 -0.0684651349164448 -0.0212348593509228 -0.0313172832868642 0.00230723861446844 -0.0328572346537337 -0.0290424536726575 0.0524112186015339 0.00114397592214452 -0.0621955413627791 0.0366264047854355
"Esophagus_Mucosa" -0.107112225784324 -0.021456618823698 -0.0332250609556981 -0.08877119862236 -0.0406329413060627 -0.13701690086451 -0.0136003807357723 -0.0307325932342217 -0.0268635165795998 -0.0481707350711758 -0.0358734660382851 -0.0359044080500172 -0.0152100981801576 0.0188802675817621 0.0115189797605909 -0.00412564513161542 -0.00242524406822903 -0.0106099865850806 0.0106578180289882 -0.0444889295730918 0.0375090990459321 0.0600257881482345 -0.0819892945550071 0.0326503422257602 -0.0804063307214571 1 -0.102149070257897 -0.0486974322319419 -0.0421640771986004 0.0154857388774201 0.0318668761470952 -0.000142683687595809 0.0869021028546651 -0.053130167769666 -0.101277191832611 -0.0658752586753788 -0.00309061114175647 -0.0581834041260346 -0.00652927286362756 0.221658086091918 0.19515140505142 0.0311806673646006 -0.00261853615042782 0.0279446322795537 0.00974250697636256 -0.0419097231246577 -0.0379022533647291 0.117428594529663 0.017743061385434 -0.0216316990725197
"Esophagus_Muscularis" 0.0542857182659126 -0.00584355862098667 0.00601628808111529 0.119855641985149 0.0311192174645221 0.167354098146091 -0.0640327142007828 -0.0341962391320412 -0.0717009078884428 -0.0138537984993228 -0.00341473134852171 -0.0297010184499538 -0.0402000941549417 -0.0951856326416069 -0.0640733819913733 -0.0860831277235324 -0.0903543706533396 -0.0287163920167298 -0.0567581671207265 -0.00180071692114156 -0.0376266278592291 -0.0811515645768551 0.30915108557613 -0.00344272061946246 0.460736329007252 -0.102149070257897 1 0.0763010224304709 0.0305620148229949 -0.0415362513844975 -0.0633313752233595 -0.0409586189762866 -0.0687929039227578 -0.0205466643644902 0.055379675826213 0.0269345999797883 -0.0695114911777363 0.0044497253481305 0.0116696577919266 -0.0791136292522807 -0.0698713728567267 -0.0646131724206795 -0.0640391645454551 -0.0356461151150604 -0.0656225373965769 -0.0199784419694222 0.0795633131137436 -0.100432748014444 -0.0940176940232497 0.0732293869929981
"Heart_Atrial_Appendage" -0.00125715511260222 0.0214539819480456 0.0172169298316629 0.0420759330566696 0.0397117823976745 0.0321000833995206 0.00204399026364953 -0.00241590136853805 -0.0231543022837751 -0.0300175220490377 -0.0246410217184731 -0.0404810523787097 -0.0310241014257857 0.0025073236177116 2.72284585866542e-05 -0.0360887110096703 -0.0234618315614871 -0.00804856670025677 -0.0036220917589748 -0.0134306936940382 -0.010631565624667 -0.0293837716035434 0.0340101385913563 -0.0386742283768928 0.0570960049371026 -0.0486974322319419 0.0763010224304709 1 0.357506716511292 0.00869615104745997 -0.0315027838726515 -0.0086112060891717 -0.0259505360619622 0.083160843004799 -0.00989592118255797 0.0170950441136005 -0.0570566046899845 -0.0116249548319442 -0.0286846905337634 -0.069453425371844 -0.065773983851312 -0.0637107848748517 -0.040891332267877 -0.00307663288529289 -0.00322294473677027 -0.0358261283494732 0.0413714632162966 -0.0497329050460669 -0.0499016448954496 0.0185674928091269
"Heart_Left_Ventricle" -0.054665838217978 -0.00883076786301814 -0.00141955933285907 -0.0288875379153138 -0.00510499554187002 -0.0394315219454161 0.0366056258309203 0.037053023839292 0.038306825360271 0.0160451676528982 0.00351692780431378 0.017142072147158 0.0389099447244297 0.0519248523225376 0.0385904593489554 0.030089638612002 0.0411209900286792 0.0161630352502947 0.0255862076609041 -0.0162345778442488 -0.0240789041579195 -0.000744081042126613 0.00864294994096057 0.000826489309496021 0.0215237857085117 -0.0421640771986004 0.0305620148229949 0.357506716511292 1 0.0122800651731002 -0.00608123710167309 -0.0241062454233303 -0.0193942736468033 0.14913608859071 -0.0678986819157279 -0.0237428276685572 -0.0476315196963036 -0.0282376889970167 -0.00684914157688929 -0.0735151573735689 -0.0780616140313307 -0.0240015878044689 -0.0478238553491773 0.00848875355048653 0.00582199983917956 -0.0389797922587604 0.0599307636615691 -0.0365242729711592 -0.00969522783205701 -0.041042699391784
"Kidney_Cortex" -0.0262092698086164 0.0110947095661095 0.0193341803722105 -0.0406742840271216 -0.00302362956826793 -0.0426632632460832 0.0137296495554748 0.00928977628196625 0.0186849917505696 -0.00937298788327008 -0.0223252949389956 0.000362182763886918 0.00690070513744155 0.0318624767782012 0.0132449010956557 -0.00279885820310634 0.0138218376679118 -0.00114336338224786 0.0059254409321965 0.0216937722700593 0.000130323961975158 -0.00561859310547302 -0.0252909279512099 0.0570058595072445 -0.0230875982052267 0.0154857388774201 -0.0415362513844975 0.00869615104745997 0.0122800651731002 1 0.0570896360465179 0.00261255547090777 0.017465679548858 -0.0180304198654997 -0.0288620824368657 -0.00985802417604686 0.0236873064996313 -0.0142732518428232 0.0154166347939801 -0.0059961360671376 -0.00678905741972963 0.0771731597899288 0.00785281866330629 0.0558812562458445 0.0261976246484197 0.00348079205118657 -0.0028301785803108 0.0309130782227447 0.011676565019754 -0.0324007370739775
"Liver" -0.0402603562468382 0.0075511888912292 0.0452694402409596 -0.0819719314408655 -0.0173880695161926 -0.0758024947822236 -0.0387760360588455 -0.0301183039347961 -0.0175830256422046 -0.0498475875816182 -0.069209007680947 0.0066316943555277 0.014064651430051 -0.0352468823681847 0.00852985820557584 -0.000884764532472428 -0.00228151551331336 0.00641028902420314 -0.023406440476963 0.0138469235458192 -0.00483740838237353 0.0198937709773672 -0.0420121772737554 0.0568312970494629 -0.0581959156747598 0.0318668761470952 -0.0633313752233595 -0.0315027838726515 -0.00608123710167309 0.0570896360465179 1 0.0167098083002021 -0.0304015769993815 0.0506264915093618 -0.0765025413047413 -0.03209549760707 0.0808623035624819 0.0245304324327976 0.0301925076800823 -0.0136354928676272 -0.030369010543501 0.0986317499974821 -0.000932002323853814 0.0824393957732147 0.00273842174268764 0.00415447373139788 -0.0427890991132442 0.0521381688509049 0.0454688547273004 -0.0620743755728118
"Lung" 0.0331395700154274 0.115782113920299 0.0309476308546031 -0.00096350283595971 0.0185965092523143 -0.0222834162174343 -0.00963372938918388 -0.0338313911907789 -0.0331525641598181 -0.0917658440579295 -0.0886854364505266 -0.0706036481291657 -0.0682501442225574 -0.0294123730564323 -0.0417225855541789 -0.0445927761773631 -0.0488490167174824 -0.013346688535907 -0.0417743290006402 0.0229397528514245 -0.00855252601556553 -0.0249249991791388 -0.036952602070567 0.0068392102138376 -0.0219538754082955 -0.000142683687595809 -0.0409586189762866 -0.0086112060891717 -0.0241062454233303 0.00261255547090777 0.0167098083002021 1 0.00403908887077761 -0.034381018192954 -0.0368349752531918 -0.0195971239444569 -0.00735628691583102 0.00121335209691504 -0.0122945090533776 0.00696613906665397 -0.00322197355995456 0.0149734277407355 0.09040311428962 0.0395159123592581 -0.0263657807777126 -0.00410297152308448 -0.0303037627540929 0.0252647025339305 0.0855398687475757 -0.0322789514520058
"Minor_Salivary_Gland" -0.0883729065204061 -0.0180817997217784 0.00463367570800269 -0.018258608946067 -0.0150423086925256 -0.0762590681665121 0.0803688063973599 0.064016926770968 0.0469629606783777 0.0548844878027237 0.0469308543586203 0.00197269146995495 0.0508667868149584 0.0661741306032667 0.0663129171463782 0.0511427528098202 0.0537395067111554 -0.00694991951026788 0.0925923440959942 0.0338507494499238 -0.00480401709018177 -0.0155211638788817 -0.0814344974048988 0.0265872115584554 -0.0304926183896046 0.0869021028546651 -0.0687929039227578 -0.0259505360619622 -0.0193942736468033 0.017465679548858 -0.0304015769993815 0.00403908887077761 1 -0.0529617690025907 -0.0314200037817013 -0.00340347020420179 0.0270198884579569 0.0128524906894399 0.0696079290085113 0.016400010053362 0.00111797725280696 -0.0076232771149777 0.0184750101607007 0.0596649134629657 0.0187606242887812 0.00810360781521048 -0.0124021320499363 0.0278781625897185 -0.017280696369952 -0.0320729953888578
"Muscle_Skeletal" 0.00836097170282179 -0.012506838016714 0.0183833677336352 -0.0575136981160207 -0.020941716617063 -0.0163407202914487 0.00393745841607343 0.000747594686858047 0.00778602040634587 -0.0387726973168168 -0.0493714724886866 -0.00200182947179873 -0.00651308352278264 0.0131672700556219 0.0194806220007421 0.0121534648855588 0.016926352992567 0.0188901422849653 -0.00362727243283438 -0.0117560251753912 -0.00280002729133322 -0.00436070406080843 -0.0319080819686778 -0.0396829854073551 -0.0427926982299806 -0.053130167769666 -0.0205466643644902 0.083160843004799 0.14913608859071 -0.0180304198654997 0.0506264915093618 -0.034381018192954 -0.0529617690025907 1 -0.0652157980923445 -0.0432621547360961 -0.0281304761317937 -0.0256255944407401 -0.0372311851987742 -0.0484781510562473 -0.0471109298527642 -0.0297118182250045 -0.0834201899828046 -0.0219299687475239 -0.0188405533300072 -0.0754775853261264 -0.0242983486880269 0.00785069308988047 -0.0221703434185959 -0.00514731172129182
"Nerve_Tibial" 0.18604821509467 0.0492459275797766 -0.011446040721213 0.0464796869594947 0.0115081227923016 0.0961016134641024 -0.0380086825475141 -0.0702661959817609 -0.0760195867158615 -0.023126952091643 0.00852973313554074 -0.0634620949472152 -0.0972041119076317 -0.0900018787413431 -0.083132602960597 -0.106170978393882 -0.0768554801631682 -0.00303824327397515 -0.0325271584354852 0.0455791566430305 -0.0509231146808915 -0.0795753765920873 0.0250826113469038 -0.0920159763144141 0.0428827185047155 -0.101277191832611 0.055379675826213 -0.00989592118255797 -0.0678986819157279 -0.0288620824368657 -0.0765025413047413 -0.0368349752531918 -0.0314200037817013 -0.0652157980923445 1 0.047840701518826 -0.0102782370014244 0.00931650430405338 -0.00853938841670994 -0.0346205876828765 -0.0186880655879274 -0.0611417242776768 -0.000946060332297965 -0.0690211777802623 -0.0834310679973906 0.0418322789044037 -0.0218572127712548 -0.0519794538733265 -0.126567561582987 0.133540970071509
"Ovary" -0.0179945083069203 0.0155291544651961 0.0021504140718875 0.0303722437948412 0.0452630579629111 0.022689034383641 -0.0476797377589423 -0.0457759932413448 0.000191004708633079 0.00521002969380732 0.0134239607552769 -0.027826342811856 -0.0419003722716395 -0.0361592230967696 -0.0241262929253322 0.0027725862736682 -0.00941602109341132 -0.0323396650800674 -0.0413319563815579 0.0251806976961234 -0.0352625915380857 0.00134209761249296 0.0428123843470629 0.0070577475506615 0.0423676349498493 -0.0658752586753788 0.0269345999797883 0.0170950441136005 -0.0237428276685572 -0.00985802417604686 -0.03209549760707 -0.0195971239444569 -0.00340347020420179 -0.0432621547360961 0.047840701518826 1 0.00992456885233706 0.0234511476770373 0.0332657103872866 -0.0306192366192735 -0.0519801748517951 0.0214619160872759 0.0162241958304758 0.00662025188261539 0.0270489083673444 0.0112612235593511 0.121160112275931 0.0164577316688818 -0.0336841932300414 0.000218281579259582
"Pancreas" -0.0365332926865617 -0.0360256136186139 0.0257483011449132 -0.0571118635072433 -0.0438149912689861 -0.056950399392153 -0.0262291671646205 -0.0394900173033826 -0.00585129555497766 -0.0058886666711707 0.0140583309451102 -0.023496072658715 -0.049737707420974 -0.0456381284629374 -0.0182397668466851 -0.0236049465318468 -0.0252442126721122 -0.00519058398975466 0.00242426223445469 -0.00396385381315307 -0.0287814481976434 -0.0239630901058321 -0.0492249492828658 0.00173221591329873 -0.0619006000551617 -0.00309061114175647 -0.0695114911777363 -0.0570566046899845 -0.0476315196963036 0.0236873064996313 0.0808623035624819 -0.00735628691583102 0.0270198884579569 -0.0281304761317937 -0.0102782370014244 0.00992456885233706 1 0.0928725381851034 0.0454603039594666 0.0141189993403264 0.00669565259226321 -0.0158721732411974 0.0196775379512076 0.117340756827695 -0.0128941760768492 0.0915725399917284 -0.0401247281544702 -0.0265519185329813 -0.048919074988191 0.0374853703275959
"Pituitary" -0.0268357149983239 -0.0653373395302112 0.0785431003168812 0.0163047911574714 -0.026870770898695 -0.0144582283676236 0.000384624026996523 0.010325844440483 -0.0208660198106496 0.0269011797796873 0.0423303910288639 0.0162098373120584 -0.0102586561317397 -0.0278897396073475 0.0429777273591653 -0.0244725729976408 -0.0470497542402654 -0.000880876749864879 0.0139634101018478 -0.0191128045698423 -0.0373611967811866 -0.0550778075577275 0.00567703598122446 -0.0340349716012842 -0.0108241631792402 -0.0581834041260346 0.0044497253481305 -0.0116249548319442 -0.0282376889970167 -0.0142732518428232 0.0245304324327976 0.00121335209691504 0.0128524906894399 -0.0256255944407401 0.00931650430405338 0.0234511476770373 0.0928725381851034 1 0.0607274606785527 -0.0474836246093189 -0.0378473382156047 -0.0375678728512902 0.0148266705986649 0.0319212781585707 -0.0267060446008224 0.149213574779485 -0.0852368922450184 -0.0781310860618955 -0.072816422446652 0.059090344870638
"Prostate" -0.041147079620479 -0.0477031668259233 -0.00786368458536447 0.0181518216851376 -0.00815014416654498 -0.0130462586389614 -0.0219689967334389 -0.0232114797303651 -0.00403727475983583 0.016869903081124 0.010864449673123 -0.0331525308969208 0.0148123502039807 -0.0219411390443366 -0.0267383552584528 -0.0147254733010035 -0.0142319420954712 -0.032266826638226 -0.0341681850598216 0.0478877859630826 -0.0285286243130815 -0.0210209428068374 0.0654620287899825 0.0976971820233008 0.00535823358846344 -0.00652927286362756 0.0116696577919266 -0.0286846905337634 -0.00684914157688929 0.0154166347939801 0.0301925076800823 -0.0122945090533776 0.0696079290085113 -0.0372311851987742 -0.00853938841670994 0.0332657103872866 0.0454603039594666 0.0607274606785527 1 -0.0113592384329637 -0.0156616687516996 0.0755907434565764 -0.00516000911931292 0.0712496601310594 -0.00696574803241824 0.0653790208698612 0.133781810511157 -0.023809596380918 -0.00754643731201054 -0.0252256378781214
