"B" "CD4" "CD8" "cDC" "cMono" "ncMono" "NK" "pDC"
"B" 1 0.772531552476082 0.817695421728799 0.746810527780619 0.646447223815507 0.750417140575624 0.805934310037257 0.676859341704828
"CD4" 0.772531552476082 1 0.888576578876189 0.680462480722309 0.633849091009143 0.676968363909216 0.822774702699929 0.550910435997939
"CD8" 0.817695421728799 0.888576578876189 1 0.715565791298844 0.680425843214218 0.723996123012496 0.857308621927314 0.585642617463216
"cDC" 0.746810527780619 0.680462480722309 0.715565791298844 1 0.82391019447996 0.864950671238168 0.719240246466701 0.765617246643027
"cMono" 0.646447223815507 0.633849091009143 0.680425843214218 0.82391019447996 1 0.871322300443869 0.680819790544622 0.744187518925755
"ncMono" 0.750417140575624 0.676968363909216 0.723996123012496 0.864950671238168 0.871322300443869 1 0.725581108955667 0.775343871207683
"NK" 0.805934310037257 0.822774702699929 0.857308621927314 0.719240246466701 0.680819790544622 0.725581108955667 1 0.567262355022522
"pDC" 0.676859341704828 0.550910435997939 0.585642617463216 0.765617246643027 0.744187518925755 0.775343871207683 0.567262355022522 1
