"B" "CD4" "CD8" "cDC" "cMono" "ncMono" "NK" "pDC"
"B" 1 0.838782970130733 0.870494401543552 0.829544194105482 0.77273142327131 0.814197985914548 0.805416180698885 0.700996090576395
"CD4" 0.838782970130733 1 0.965074009530659 0.738979733986882 0.792587946550456 0.77301637833391 0.934915732287071 0.553325382292132
"CD8" 0.870494401543552 0.965074009530659 1 0.769936075494808 0.819033837576613 0.806654692248887 0.939056191543376 0.594285403780236
"cDC" 0.829544194105482 0.738979733986882 0.769936075494808 1 0.91299689217986 0.929708725258579 0.762093642142323 0.777444392652174
"cMono" 0.77273142327131 0.792587946550456 0.819033837576613 0.91299689217986 1 0.945447047271985 0.822791047760453 0.749560309976831
"ncMono" 0.814197985914548 0.77301637833391 0.806654692248887 0.929708725258579 0.945447047271985 1 0.807400660967033 0.775311476607755
"NK" 0.805416180698885 0.934915732287071 0.939056191543376 0.762093642142323 0.822791047760453 0.807400660967033 1 0.576912437092602
"pDC" 0.700996090576395 0.553325382292132 0.594285403780236 0.777444392652174 0.749560309976831 0.775311476607755 0.576912437092602 1
